# oST version 5.0 parameters


[image]

width
752

height
480

[narrow_stereo/left]

camera matrix
386.444098 0.000000 372.599696
0.000000 387.158774 204.799890
0.000000 0.000000 1.000000

distortion
-0.358122 0.089565 0.002446 0.003428 0.000000

rectification
0.994737 -0.008365 -0.102123
0.007988 0.999960 -0.004096
0.102153 0.003259 0.994763

projection
360.290520 0.000000 443.588112 0.000000
0.000000 360.290520 220.068739 0.000000
0.000000 0.000000 1.000000 0.000000

