# oST version 5.0 parameters


[image]

width
752

height
480

[narrow_stereo/right]

camera matrix
392.789498 0.000000 351.480806
0.000000 394.595326 225.668797
0.000000 0.000000 1.000000

distortion
-0.361020 0.091409 0.003910 0.005790 0.000000

rectification
0.990479 -0.007192 -0.137475
0.007699 0.999965 0.003159
0.137448 -0.004188 0.990500

projection
360.290520 0.000000 443.588112 -106.178623
0.000000 360.290520 220.068739 0.000000
0.000000 0.000000 1.000000 0.000000

