CameraParameters1:
  DistortionModel: plumb_bob
  FocalLength: [271.4710880140191, 270.6464298780432]
  PrincipalPoint: [156.92759994017385, 114.08598583403909]
  RadialDistortion: [-0.41217040164183677, 0.22305370856232254, 0.22305370856232254]
  TangentialDistortion: [0.0, 0.0]
CameraParameters2:
  DistortionModel: plumb_bob
  FocalLength: [269.93462820592214, 269.1048956577799]
  PrincipalPoint: [167.5538324063337, 110.83599748577245]
  RadialDistortion: [-0.4145398039696981, 0.23895611867448607, 0.23895611867448607]
  TangentialDistortion: [0.0, 0.0]
Kalibr_params: {accelerometer_noise_density: 0.1, accelerometer_random_walk: 2.0E-6,
  gyroscope_noise_density: 0.01, gyroscope_random_walk: 2.0E-6, update_rate: 100.0}
R_ci:
- [0.99782601, 0.05906089, -0.02924156]
- [-0.05975231, 0.99793977, -0.02336401]
- [0.02780141, 0.02506047, 0.99929928]
R_lr:
- [0.9999923867842411, 0.0028990244080780497, -0.0026119018048317336]
- [-0.0029188669779012712, 0.9999666656379278, -0.007625472347996828]
- [0.0025897083082913126, 0.007633038087558222, 0.9999675145425635]
R_rl:
- [0.9999923867842411, -0.0029188669779012712, 0.0025897083082913126]
- [0.0028990244080780497, 0.9999666656379278, 0.007633038087558222]
- [-0.0026119018048317336, -0.007625472347996828, 0.9999675145425635]
acc_bias:
- [0.1989899]
- [0.2549897]
- [0.5236045]
gyro_bias:
- [0.5490953]
- [-0.2555334]
- [0.003693526]
r_lr:
- [0.030214853938202543]
- [-7.020773428391409E-4]
- [-0.0013734907799238965]
t_ci:
- [0.0]
- [0.0]
- [0.0]
time_shift: 0.0144530599489
