CameraParameters1:
  DistortionModel: plumb_bob
  FocalLength: [272.8907453296534, 273.56831724729676]
  PrincipalPoint: [159.17761221170383, 114.07887692516748]
  RadialDistortion: [-0.4187092762890332, 0.26151079158881924, 0.26151079158881924]
  TangentialDistortion: [0.0, 0.0]
CameraParameters2:
  DistortionModel: plumb_bob
  FocalLength: [271.31168750233047, 271.9458561710595]
  PrincipalPoint: [170.04742774954104, 110.27108821659037]
  RadialDistortion: [-0.4184301792832174, 0.2536980718666465, 0.2536980718666465]
  TangentialDistortion: [0.0, 0.0]
Kalibr_params: {accelerometer_noise_density: 0.1, accelerometer_random_walk: 2.0e-06,
  gyroscope_noise_density: 0.01, gyroscope_random_walk: 2.0e-06, update_rate: 100.0}
R_ci:
- [0.99782601, 0.05906089, -0.02924156]
- [-0.05975231, 0.99793977, -0.02336401]
- [0.02780141, 0.02506047, 0.99929928]
R_lr:
- [0.9999956284711901, 0.002854297552236116, -0.0007720259017149138]
- [-0.0028588955311438604, 0.9999777827744855, -0.006021683632177891]
- [0.0007548210725897047, 0.006023864449614746, 0.9999815714813154]
R_rl:
- [0.9999956284711901, -0.0028588955311438604, 0.0007548210725897047]
- [0.002854297552236116, 0.9999777827744855, 0.006023864449614746]
- [-0.0007720259017149138, -0.006021683632177891, 0.9999815714813154]
acc_bias:
- [0.1989899]
- [0.2549897]
- [0.5236045]
gyro_bias:
- [0.5490953]
- [-0.2555334]
- [0.003693526]
r_lr:
- [0.029965591616280957]
- [-9.189640501586307e-05]
- [-0.00017534662698483105]
t_ci:
- [0.0]
- [0.0]
- [0.0]
time_shift: 0.0144530599489
