CameraParameters1:
  DistortionModel: plumb_bob
  FocalLength: [270.50792540705976, 269.92053771176927]
  PrincipalPoint: [159.32031208082967, 113.62471276730074]
  RadialDistortion: [-0.40629823291437667, 0.2203843094724607, 0.2203843094724607]
  TangentialDistortion: [0.0, 0.0]
CameraParameters2:
  DistortionModel: plumb_bob
  FocalLength: [268.5794582548983, 267.95121251860087]
  PrincipalPoint: [170.1909572121315, 110.45580660235856]
  RadialDistortion: [-0.4055404154921179, 0.21436232426528753, 0.21436232426528753]
  TangentialDistortion: [0.0, 0.0]
Kalibr_params: {accelerometer_noise_density: 0.1, accelerometer_random_walk: 2.0E-6,
  gyroscope_noise_density: 0.01, gyroscope_random_walk: 2.0E-6, update_rate: 100.0}
R_ci:
- [0.99782601, 0.05906089, -0.02924156]
- [-0.05975231, 0.99793977, -0.02336401]
- [0.02780141, 0.02506047, 0.99929928]
R_lr:
- [0.9999896838546787, 0.0027922551706483206, -0.003582665946153416]
- [-0.0028227763839055566, 0.9999595275687637, -0.008542549850090186]
- [0.0035586679679628307, 0.008552574788728742, 0.9999570937529155]
R_rl:
- [0.9999896838546787, -0.0028227763839055566, 0.0035586679679628307]
- [0.0027922551706483206, 0.9999595275687637, 0.008552574788728742]
- [-0.003582665946153416, -0.008542549850090186, 0.9999570937529155]
acc_bias:
- [0.1989899]
- [0.2549897]
- [0.5236045]
gyro_bias:
- [0.5490953]
- [-0.2555334]
- [0.003693526]
r_lr:
- [0.029944733993289223]
- [-5.099083975386191E-4]
- [-0.001491014328191158]
t_ci:
- [0.0]
- [0.0]
- [0.0]
time_shift: 0.0144530599489
