CameraParameters1:
  DistortionModel: plumb_bob
  RadialDistortion: [-0.4187092762890332, 0.26151079158881924, 0.26151079158881924]
  TangentialDistortion: [0.0, 0.0]
  FocalLength: [272.8907453296534, 273.56831724729676]
  PrincipalPoint: [159.17761221170383, 114.07887692516748]
CameraParameters2:
  DistortionModel: plumb_bob
  RadialDistortion: [-0.4184301792832174, 0.2536980718666465, 0.2536980718666465]
  TangentialDistortion: [0.0, 0.0]
  FocalLength: [271.31168750233047, 271.9458561710595]
  PrincipalPoint: [170.04742774954104, 110.27108821659037]
r_lr:
- [0.029965591616280957]
- [-9.189640501586307E-5]
- [-1.7534662698483105E-4]
R_lr:
- [0.9999956284711901, 0.002854297552236116, -7.720259017149138E-4]
- [-0.0028588955311438604, 0.9999777827744855, -0.006021683632177891]
- [7.548210725897047E-4, 0.006023864449614746, 0.9999815714813154]
R_rl:
- [0.9999956284711901, -0.0028588955311438604, 7.548210725897047E-4]
- [0.002854297552236116, 0.9999777827744855, 0.006023864449614746]
- [-7.720259017149138E-4, -0.006021683632177891, 0.9999815714813154]
R_ci:
- [0.99782601, 0.05906089, -0.02924156]
- [-0.05975231, 0.99793977, -0.02336401]
- [0.02780141, 0.02506047, 0.99929928]
t_ci:
- [0.0]
- [0.0]
- [0.0]
gyro_bias:
- [0.5521]
- [-0.20325]
- [0.008333]
acc_bias:
- [0.0]
- [0.26]
- [0.6423]
time_shift: 0.0144530599489
Kalibr_params: {update_rate: 100.0, accelerometer_noise_density: 0.1, accelerometer_random_walk: 2.0E-6,
  gyroscope_noise_density: 0.01, gyroscope_random_walk: 2.0E-6}
