CameraParameters1:
  DistortionModel: plumb_bob
  FocalLength: [272.2612931225893, 271.38423829230067]
  PrincipalPoint: [156.79286632168893, 113.49450539312066]
  RadialDistortion: [-0.41509948193348556, 0.2464865934662397, 0.2464865934662397]
  TangentialDistortion: [0.0, 0.0]
CameraParameters2:
  DistortionModel: plumb_bob
  FocalLength: [270.3506286985431, 269.414995003415]
  PrincipalPoint: [166.62079703033643, 110.17846532905851]
  RadialDistortion: [-0.4199925717398865, 0.2602200769867006, 0.2602200769867006]
  TangentialDistortion: [0.0, 0.0]
Kalibr_params: {accelerometer_noise_density: 0.1, accelerometer_random_walk: 2.0E-6,
  gyroscope_noise_density: 0.01, gyroscope_random_walk: 2.0E-6, update_rate: 100.0}
R_ci:
- [0.99782601, 0.05906089, -0.02924156]
- [-0.05975231, 0.99793977, -0.02336401]
- [0.02780141, 0.02506047, 0.99929928]
R_lr:
- [0.9999954192385861, 0.0029237153374189065, -7.831924859366526E-4]
- [-0.0029293717733642165, 0.9999689088280386, -0.00732121289645432]
- [7.6176299313052E-4, 0.007323473621686195, 0.9999728928582288]
R_rl:
- [0.9999954192385861, -0.0029293717733642165, 7.6176299313052E-4]
- [0.0029237153374189065, 0.9999689088280386, 0.007323473621686195]
- [-7.831924859366526E-4, -0.00732121289645432, 0.9999728928582288]
acc_bias:
- [0.1989899]
- [0.2549897]
- [0.5236045]
gyro_bias:
- [0.5490953]
- [-0.2555334]
- [0.003693526]
r_lr:
- [0.029969364196427928]
- [-2.4707519363565436E-4]
- [-8.60428671584443E-4]
t_ci:
- [0.0]
- [0.0]
- [0.0]
time_shift: 0.0144530599489
