CameraParameters1:
  DistortionModel: plumb_bob
  FocalLength: [374.69762778700454, 399.00591775568796]
  PrincipalPoint: [315.47384376401203, 240.24397408423516]
  RadialDistortion: [-0.4309186260718825, 0.21386568336774137, -0.05318907831464214]
  TangentialDistortion: [0.0, 0.0]
CameraParameters2:
  DistortionModel: plumb_bob
  FocalLength: [375.72224989848894, 399.8997055605948]
  PrincipalPoint: [311.449284357128, 239.88504835379703]
  RadialDistortion: [-0.43146659176506813, 0.20696297452012646, -0.04790864191745943]
  TangentialDistortion: [0.0, 0.0]
R_ci:
- [1, 0, 0]
- [0, 1, 0]
- [0, 0, 1]
R_lr:
- [0.9975853127141173, 0.004345301212989593, 0.069315670771084]
- [-0.005041789829064505, 0.9999385177693126, 0.009876286580981252]
- [-0.06926849364896323, -0.010201913481230852, 0.9975458870392505]
R_rl:
- [0.9975853127141173, -0.005041789829064505, -0.06926849364896323]
- [0.004345301212989593, 0.9999385177693126, -0.010201913481230852]
- [0.069315670771084, 0.009876286580981252, 0.9975458870392505]
acc_bias:
- [0]
- [-0]
- [-0]
gyro_bias:
- [-0]
- [-0]
- [0]
r_lr:
- [0.030118197511573793]
- [-0.00011046836410636717]
- [0.0006750755462740634]
t_ci:
- [0.0]
- [0.0]
- [0.0]
time_shift: 0.0
