CameraParameters1:
  DistortionModel: plumb_bob
  FocalLength: [490.5961118200124, 461.25908457882576]
  PrincipalPoint: [310.74348546447425, 256.2922297342651]
  RadialDistortion: [-0.6422191251820477, 0.5204899909353664, -0.25238624287281225]
  TangentialDistortion: [0.0, 0.0]
CameraParameters2:
  DistortionModel: plumb_bob
  FocalLength: [407.19088879918826, 381.2929466793627]
  PrincipalPoint: [312.0935595688873, 246.35186192607705]
  RadialDistortion: [-0.4605879728249976, 0.2347138990114119, -0.06288127261127979]
  TangentialDistortion: [0.0, 0.0]
R_ci:
- [1, 0, 0]
- [0, 1, 0]
- [0, 0, 1]
R_lr:
- [0.9984465111200466, -0.0002447898852182487, 0.05571808063922139]
- [7.665185083373731e-05, 0.9999954375351954, 0.00301977371450822]
- [-0.05571856563750045, -0.0030108116356168555, 0.9984419745065781]
R_rl:
- [0.9984465111200466, 7.665185083373731e-05, -0.05571856563750045]
- [-0.0002447898852182487, 0.9999954375351954, -0.0030108116356168555]
- [0.05571808063922139, 0.00301977371450822, 0.9984419745065781]
acc_bias:
- [1]
- [-0.0025553255338411646]
- [-1]
gyro_bias:
- [-1]
- [-1]
- [0]
r_lr:
- [0.030118197511573793]
- [-0.00011046836410636717]
- [0.0006750755462740634]
t_ci:
- [0.0]
- [0.0]
- [0.0]
time_shift: 0.0
