CameraParameters1:
  DistortionModel: plumb_bob
  FocalLength: [386.43067448645604, 387.4935737896025]
  PrincipalPoint: [317.487909656259, 233.22412018135557]
  RadialDistortion: [-0.4071413615135737, 0.18436612202093722, -0.04179159282219934]
  TangentialDistortion: [0.0, 0.0]
CameraParameters2:
  DistortionModel: plumb_bob
  FocalLength: [387.29022258636024, 388.2761603950598]
  PrincipalPoint: [313.1080630548091, 233.38725534341162]
  RadialDistortion: [-0.4271997690567686, 0.22262336293540902, -0.06345050274643944]
  TangentialDistortion: [0.0, 0.0]
R_ci:
- [1, 0, 0]
- [0, 1, 0]
- [0, 0, 1]
R_lr:
- [0.9998968197624691, 0.0012766155092953683, 0.014308042554506724]
- [-0.0013372321846405633, 0.9999901687966464, 0.004227779575505263]
- [-0.014302504640254803, -0.0042464765272075345, 0.9998886967048479]
R_rl:
- [0.9998968197624691, -0.0013372321846405633, -0.014302504640254803]
- [0.0012766155092953683, 0.9999901687966464, -0.0042464765272075345]
- [0.014308042554506724, 0.004227779575505263, 0.9998886967048479]
acc_bias:
- [1]
- [-0.0025553255338411646]
- [-1]
gyro_bias:
- [-1]
- [-1]
- [0]
r_lr:
- [0.030118197511573793]
- [-0.00011046836410636717]
- [0.0006750755462740634]
t_ci:
- [0.0]
- [0.0]
- [0.0]
time_shift: 0.0
