CameraParameters1:
  DistortionModel: plumb_bob
  FocalLength: [399.7701256424383, 401.83215873151164]
  PrincipalPoint: [336.74148297467707, 246.92442714664676]
  RadialDistortion: [-0.36723686076607015, 0.09538449256787576, -0.0006427844103721669]
  TangentialDistortion: [0.0, 0.0]
CameraParameters2:
  DistortionModel: plumb_bob
  FocalLength: [402.2761768178056, 403.15886535890934]
  PrincipalPoint: [328.4984498492162, 242.3337600081736]
  RadialDistortion: [-0.3741352644057825, 0.09903510409095506, -0.0001727182936585892]
  TangentialDistortion: [0.0, 0.0]
R_ci:
- [1, 0, 0]
- [0, 1, 0]
- [0, 0, 1]
R_lr:
- [0.999953076731646, 0.001687569682004529, -0.009539205600217355]
- [-0.001660908565293795, 0.999994694709637, 0.002802130496200381]
- [0.009543883782432221, -0.0027861552627916524, 0.9999505745891639]
R_rl:
- [0.999953076731646, -0.001660908565293795, 0.009543883782432221]
- [0.001687569682004529, 0.999994694709637, -0.0027861552627916524]
- [-0.009539205600217355, 0.002802130496200381, 0.9999505745891639]
acc_bias:
- [0.2942787534730892]
- [-0.0025553255338411646]
- [-1.233997325916273]
gyro_bias:
- [-0.0699390536555639]
- [-0.03434810808280131]
- [0.03567493457224343]
r_lr:
- [0.030118197511573793]
- [-0.00011046836410636717]
- [0.0006750755462740634]
t_ci:
- [0.0]
- [0.0]
- [0.0]
time_shift: 0.0
