CameraParameters1:
  DistortionModel: plumb_bob
  FocalLength: [269.2390918522976, 269.8909675864931]
  PrincipalPoint: [156.4106865811603, 112.60045820078058]
  RadialDistortion: [-0.4149781899669302, 0.2678099783912255, 0.2678099783912255]
  TangentialDistortion: [0.0, 0.0]
CameraParameters2:
  DistortionModel: plumb_bob
  FocalLength: [271.7063589963238, 272.37937620825124]
  PrincipalPoint: [159.8904587960021, 119.386657324685]
  RadialDistortion: [-0.4132772468388695, 0.27139506886688547, 0.27139506886688547]
  TangentialDistortion: [0.0, 0.0]
R_ci:
- [0.98764397, -0.15301132, 0.03386625, -0.02597089]
- [0.15562795, 0.98302338, -0.09718523, -0.08304222]
- [-0.01842088, 0.10125494, 0.99468996, -0.15787334]
R_lr:
- [0.9999572607320572, 0.001684960784207395, -0.009090523439070906]
- [-0.0016565992162661948, 0.9999937402153618, 0.0031265330844632453]
- [0.009095734619989778, -0.0031113401047234016, 0.9999537925196721]
R_rl:
- [0.9999572607320572, -0.0016565992162661948, 0.009095734619989778]
- [0.001684960784207395, 0.9999937402153618, -0.0031113401047234016]
- [-0.009090523439070906, 0.0031265330844632453, 0.9999537925196721]
acc_bias:
- [0.237526]
- [-0.05615678]
- [-1.393529]
gyro_bias:
- [-0.06506477]
- [-0.03571076]
- [0.04328749]
r_lr:
- [0.029774674805065057]
- [-0.0002604604284790359]
- [0.0010227746805712072]
t_ci:
- [0.0]
- [0.0]
- [0.0]
time_shift: 0.0
