CameraParameters1:
  DistortionModel: plumb_bob
  RadialDistortion: [-0.3923492733460716, 0.10214104797178684, 0.10214104797178684]
  TangentialDistortion: [0.0, 0.0]
  FocalLength: [270.6124220166635, 270.0256389325606]
  PrincipalPoint: [156.16244608489689, 113.6749836876896]
CameraParameters2:
  DistortionModel: plumb_bob
  RadialDistortion: [-0.4181461835382758, 0.29650865864971016, 0.29650865864971016]
  TangentialDistortion: [0.0, 0.0]
  FocalLength: [271.4834768786097, 271.09991210117806]
  PrincipalPoint: [164.39208098795433, 119.28403164886137]
r_lr:
- [0.03078008611436619]
- [-0.0013497052677224485]
- [-1.0402150045425211E-4]
R_lr:
- [0.9999960176989269, 0.0025278479482974976, -0.0012548191255663617]
- [-0.002537895968320672, 0.9999642035163682, -0.008071602686538329]
- [0.0012343704231634345, 0.008074755143386033, 0.9999666367729639]
R_rl:
- [0.9999960176989269, -0.002537895968320672, 0.0012343704231634345]
- [0.0025278479482974976, 0.9999642035163682, 0.008074755143386033]
- [-0.0012548191255663617, -0.008071602686538329, 0.9999666367729639]
R_ci:
- [0.98764397, -0.15301132, 0.03386625, -0.02597089]
- [0.15562795, 0.98302338, -0.09718523, -0.08304222]
- [-0.01842088, 0.10125494, 0.99468996, -0.15787334]
t_ci:
- [0.0]
- [0.0]
- [0.0]
gyro_bias:
- [-0.03836]
- [-0.05285]
- [0.0357]
acc_bias:
- [1.02]
- [0.271]
- [-2.1812]
time_shift: 0.0
