CameraParameters1:
  DistortionModel: plumb_bob
  FocalLength: [274.3502210920504, 273.9788588962199]
  PrincipalPoint: [154.94149556876408, 114.06924333351276]
  RadialDistortion: [-0.42310637859562705, 0.2891272524208114, -0.16526134150020325]
  TangentialDistortion: [0.0, 0.0]
CameraParameters2:
  DistortionModel: plumb_bob
  FocalLength: [276.67262836555216, 276.61657523211016]
  PrincipalPoint: [157.64787975352436, 121.44832600349712]
  RadialDistortion: [-0.40091206965827325, 0.20062364385876902, -0.05416605143271444]
  TangentialDistortion: [0.0, 0.0]
R_ci:
- [0.98764397, -0.15301132, 0.03386625, -0.02597089]
- [0.15562795, 0.98302338, -0.09718523, -0.08304222]
- [-0.01842088, 0.10125494, 0.99468996, -0.15787334]
R_lr:
- [0.9999132063527367, -0.0015235313069951629, 0.013086581438474496]
- [0.0015830934891674921, 0.9999884308643122, -0.004542240915574882]
- [-0.013079509791799351, 0.004562563959789787, 0.9999040501136691]
R_rl:
- [0.9999132063527367, 0.0015830934891674921, -0.013079509791799351]
- [-0.0015235313069951629, 0.9999884308643122, 0.004562563959789787]
- [0.013086581438474496, -0.004542240915574882, 0.9999040501136691]
acc_bias:
- [1.5]
- [0.2]
- [-2.5]
gyro_bias:
- [-0.0665814]
- [-0.03351391]
- [0.04404625]
opencv: 1
r_lr:
- [0.030118197511573793]
- [-0.00011046836410636717]
- [0.0006750755462740634]
t_ci:
- [0.0]
- [0.0]
- [0.0]
time_shift: 0.0
