CameraParameters1:
  DistortionModel: plumb_bob
  FocalLength: [267.7092093096754, 267.15126798680967]
  PrincipalPoint: [155.84938102312347, 113.31567751202994]
  RadialDistortion: [-0.4068566865804697, 0.23084937108314527, 0.23084937108314527]
  TangentialDistortion: [0.0, 0.0]
CameraParameters2:
  DistortionModel: plumb_bob
  FocalLength: [270.53455122593857, 269.83648757450334]
  PrincipalPoint: [158.4658854903655, 120.27447116751549]
  RadialDistortion: [-0.40780084778072795, 0.23468890477341386, 0.23468890477341386]
  TangentialDistortion: [0.0, 0.0]
R_ci:
- [0.98764397, -0.15301132, 0.03386625, -0.02597089]
- [0.15562795, 0.98302338, -0.09718523, -0.08304222]
- [-0.01842088, 0.10125494, 0.99468996, -0.15787334]
R_lr:
- [0.999914272756801, 0.0017920559034548629, -0.012970569489295357]
- [-0.00176092559035235, 0.9999955428692416, 0.0024110957500495266]
- [0.012974832496143804, -0.002388048845722641, 0.99991297168524]
R_rl:
- [0.999914272756801, -0.00176092559035235, 0.012974832496143804]
- [0.0017920559034548629, 0.9999955428692416, -0.002388048845722641]
- [-0.012970569489295357, 0.0024110957500495266, 0.99991297168524]
acc_bias:
- [0.4210731]
- [0.2041616]
- [-1.63159]
gyro_bias:
- [-0.0665814]
- [-0.03351391]
- [0.04404625]
r_lr:
- [0.030214323088663286]
- [-2.382465055081315E-4]
- [-5.465336855274256E-4]
t_ci:
- [0.0]
- [0.0]
- [0.0]
time_shift: 0.0
