CameraParameters1:
  DistortionModel: plumb_bob
  FocalLength: [269.20960911984497, 268.6718878659231]
  PrincipalPoint: [156.94931257744062, 113.66680220555853]
  RadialDistortion: [-0.4074032461850696, 0.23456766995363662, 0.23456766995363662]
  TangentialDistortion: [0.0, 0.0]
CameraParameters2:
  DistortionModel: plumb_bob
  FocalLength: [272.04823317255233, 271.40933329657287]
  PrincipalPoint: [159.91627893331255, 120.280946707897]
  RadialDistortion: [-0.4068494159173726, 0.23187609239544263, 0.23187609239544263]
  TangentialDistortion: [0.0, 0.0]
R_ci:
- [0.98764397, -0.15301132, 0.03386625, -0.02597089]
- [0.15562795, 0.98302338, -0.09718523, -0.08304222]
- [-0.01842088, 0.10125494, 0.99468996, -0.15787334]
R_lr:
- [0.9999183636478578, 0.0019071373512137579, -0.012634431800204418]
- [-0.001855818944710725, 0.9999899862284813, 0.004072269490850914]
- [0.012642071659141316, -0.0040484898277342585, 0.9999118899954534]
R_rl:
- [0.9999183636478578, -0.001855818944710725, 0.012642071659141316]
- [0.0019071373512137579, 0.9999899862284813, -0.0040484898277342585]
- [-0.012634431800204418, 0.004072269490850914, 0.9999118899954534]
acc_bias:
- [1.5]
- [0.2]
- [-2.5]
gyro_bias:
- [-0.0665814]
- [-0.03351391]
- [0.04404625]
r_lr:
- [0.030118197511573793]
- [-1.1046836410636717E-4]
- [6.750755462740634E-4]
t_ci:
- [0.0]
- [0.0]
- [0.0]
time_shift: 0.0
