CameraParameters1:
  DistortionModel: plumb_bob
  FocalLength: [272.79935071943225, 272.40824890284574]
  PrincipalPoint: [155.1306357853525, 116.3099029358358]
  RadialDistortion: [-0.43412690343384547, 0.4120140234853872, -0.44589856246751325]
  TangentialDistortion: [0.0, 0.0]
CameraParameters2:
  DistortionModel: plumb_bob
  FocalLength: [273.3833076277249, 273.0657177853587]
  PrincipalPoint: [159.10043054639758, 121.10103730618249]
  RadialDistortion: [-0.38680810799919446, 0.19577135677392318, -0.09626386942697947]
  TangentialDistortion: [0.0, 0.0]
R_ci:
- [0.98764397, -0.15301132, 0.03386625, -0.02597089]
- [0.15562795, 0.98302338, -0.09718523, -0.08304222]
- [-0.01842088, 0.10125494, 0.99468996, -0.15787334]
R_lr:
- [0.999966680210303, -0.0018865659207940224, 0.007942250198291236]
- [0.0018418303622746695, 0.9999824205472818, 0.005636156253671249]
- [-0.007952743558191835, -0.005621340180570197, 0.9999525760777218]
R_rl:
- [0.999966680210303, 0.0018418303622746695, -0.007952743558191835]
- [-0.0018865659207940224, 0.9999824205472818, -0.005621340180570197]
- [0.007942250198291236, 0.005636156253671249, 0.9999525760777218]
acc_bias:
- [1.5]
- [0.2]
- [-2.5]
gyro_bias:
- [-0.0665814]
- [-0.03351391]
- [0.04404625]
r_lr:
- [0.030118197511573793]
- [-0.00011046836410636717]
- [0.0006750755462740634]
t_ci:
- [0.0]
- [0.0]
- [0.0]
time_shift: 0.0
