CameraParameters1:
  DistortionModel: plumb_bob
  FocalLength: [271.77063574852724, 271.34320939434883]
  PrincipalPoint: [153.00026550056583, 112.57485607226337]
  RadialDistortion: [-0.403285748156294, 0.21489789330300135, -0.07635784901356531]
  TangentialDistortion: [0.0, 0.0]
CameraParameters2:
  DistortionModel: plumb_bob
  FocalLength: [276.1216237005294, 276.31075838747626]
  PrincipalPoint: [156.68004013572943, 119.68340153952143]
  RadialDistortion: [-0.4108553716171472, 0.2424932796724544, -0.10243203624961635]
  TangentialDistortion: [0.0, 0.0]
R_ci:
- [0.98764397, -0.15301132, 0.03386625, -0.02597089]
- [0.15562795, 0.98302338, -0.09718523, -0.08304222]
- [-0.01842088, 0.10125494, 0.99468996, -0.15787334]
R_lr:
- [0.999953076731646, 0.001687569682004529, -0.009539205600217355]
- [-0.001660908565293795, 0.999994694709637, 0.002802130496200381]
- [0.009543883782432221, -0.0027861552627916524, 0.9999505745891639]
R_rl:
- [0.999953076731646, -0.001660908565293795, 0.009543883782432221]
- [0.001687569682004529, 0.999994694709637, -0.0027861552627916524]
- [-0.009539205600217355, 0.002802130496200381, 0.9999505745891639]
acc_bias:
- [1.5]
- [0.2]
- [-2.5]
gyro_bias:
- [-0.0665814]
- [-0.03351391]
- [0.04404625]
r_lr:
- [0.030118197511573793]
- [-0.00011046836410636717]
- [0.0006750755462740634]
t_ci:
- [0.0]
- [0.0]
- [0.0]
time_shift: 0.0
