CameraParameters1:
  DistortionModel: plumb_bob
  FocalLength: [229.865316609849, 217.08814283522327]
  PrincipalPoint: [154.07625765426417, 119.60630886593663]
  RadialDistortion: [-0.5333373248078417, 0.307456078820148, -0.08833776905116636]
  TangentialDistortion: [0.0, 0.0]
CameraParameters2:
  DistortionModel: plumb_bob
  FocalLength: [204.57557569806633, 192.85366886382693]
  PrincipalPoint: [156.44118029344867, 121.14635887220264]
  RadialDistortion: [-0.4454159349530895, 0.21002777664316938, -0.05137823694686016]
  TangentialDistortion: [0.0, 0.0]
R_ci:
- [0, 0, 0]
- [0, 0, 0]
- [0, 0, 0]
R_lr:
- [0.9929537172397104, 0.013396581417806143, 0.11774314003863398]
- [-0.017236751456110297, 0.9993501461625702, 0.03165722293710973]
- [-0.1172425256427102, -0.03346366643339726, 0.9925393560004322]
R_rl:
- [0.9929537172397104, -0.017236751456110297, -0.1172425256427102]
- [0.013396581417806143, 0.9993501461625702, -0.03346366643339726]
- [0.11774314003863398, 0.03165722293710973, 0.9925393560004322]
acc_bias:
- [-0.10565840409590413]
- [-0.05027387651411091]
- [-1.1280087393075666]
gyro_bias:
- [-1.8131587650630618]
- [-0.7123613690996503]
- [-0.8017190329202047]
r_lr:
- [0]
- [0]
- [0]
t_ci:
- [0]
- [0]
- [0]
time_shift: 0
